The problem is - what if a node is issuing 1000 orders of magnitude greater amount of trust during interaction? 

do we control the issuance/debasement/inflation of the supply of trust within the protocol?

do we restrict the minting amounts of the app-specific tokens (a la specific actions) 
    or let it be free to a market mechanism (YESS)



turns out pagerank managed to help it




  retrust git:(master) ✗ python -m simulation.main
[[[0.     0.     1.    ]
  [0.9999 0.     0.0001]
  [0.9264 0.     0.0736]
  [0.8323 0.     0.1677]
  [0.7985 0.     0.2015]
  [0.7985 0.     0.2015]
  [0.7985 0.     0.2015]]

 [[0.9999 0.     0.0001]
  [0.     0.     1.    ]
  [0.9265 0.     0.0735]
  [0.8564 0.     0.1436]
  [0.7985 0.     0.2015]
  [0.7985 0.     0.2015]
  [0.7985 0.     0.2015]]

 [[0.9999 0.     0.0001]
  [0.9999 0.     0.0001]
  [0.     0.     1.    ]
  [0.832  0.     0.168 ]
  [0.798  0.     0.202 ]
  [0.798  0.     0.202 ]
  [0.798  0.     0.202 ]]

 [[0.9999 0.     0.0001]
  [0.9999 0.     0.0001]
  [0.9056 0.     0.0944]
  [0.     0.     1.    ]
  [0.7469 0.     0.2531]
  [0.7469 0.     0.2531]
  [0.7469 0.     0.2531]]

 [[0.9999 0.     0.0001]
  [0.9999 0.     0.0001]
  [0.9059 0.     0.0941]
  [0.798  0.     0.202 ]
  [0.     0.     1.    ]
  [0.7469 0.     0.2531]
  [0.7469 0.     0.2531]]

 [[0.9999 0.     0.0001]
  [0.9999 0.     0.0001]
  [0.9059 0.     0.0941]
  [0.798  0.     0.202 ]
  [0.7469 0.     0.2531]
  [0.     0.     1.    ]
  [0.7469 0.     0.2531]]

 [[0.9999 0.     0.0001]
  [0.9999 0.     0.0001]
  [0.9059 0.     0.0941]
  [0.798  0.     0.202 ]
  [0.7469 0.     0.2531]
  [0.7469 0.     0.2531]
  [0.     0.     1.    ]]]
[[[    0     0]
  [19277     0]
  [   25     0]
  [    9     0]
  [    7     0]
  [    7     0]
  [    7     0]]

 [[20020     0]
  [    0     0]
  [   25     0]
  [   11     0]
  [    7     0]
  [    7     0]
  [    7     0]]

 [[20020     0]
  [20021     0]
  [    0     0]
  [    9     0]
  [    7     0]
  [    7     0]
  [    7     0]]

 [[20019     0]
  [19053     0]
  [   19     0]
  [    0     0]
  [    5     0]
  [    5     0]
  [    5     0]]

 [[20019     0]
  [19055     0]
  [   19     0]
  [    7     0]
  [    0     0]
  [    5     0]
  [    5     0]]

 [[20019     0]
  [19055     0]
  [   19     0]
  [    7     0]
  [    5     0]
  [    0     0]
  [    5     0]]

 [[20019     0]
  [19055     0]
  [   19     0]
  [    7     0]
  [    5     0]
  [    5     0]
  [    0     0]]]
[    0 19276    24     8     6     6     6]
2760.8571428571427
6742.282348382195
[20019     0    24    10     6     6     6]
2867.285714285714
7002.161435978908
[20019 20020     0     8     6     6     6]
5723.571428571428
9041.539405229982
[20018 19052    18     0     4     4     4]
5585.714285714285
8826.081248440989
[20018 19054    18     6     0     4     4]
5586.285714285715
8826.336527109983
[20018 19054    18     6     4     0     4]
5586.285714285715
8826.336527109983
[20018 19054    18     6     4     4     0]
5586.285714285715
8826.336527109983
[[    0 19276    24     8     6     6     6]
 [20019     0    24    10     6     6     6]
 [20019 20020     0     8     6     6     6]
 [20018 19052    18     0     4     4     4]
 [20018 19054    18     6     0     4     4]
 [20018 19054    18     6     4     0     4]
 [20018 19054    18     6     4     4     0]]
[[-0.4095 -0.4095 -0.4095 -0.4095 -0.4095 -0.4095 -0.4095]
 [-0.4095 -0.4095 -0.4095 -0.4095 -0.4095 -0.4095 -0.4095]
 [-0.633  -0.633  -0.633  -0.633  -0.633  -0.633  -0.633 ]
 [-0.6329 -0.6329 -0.6329 -0.6329 -0.6329 -0.6329 -0.6329]
 [-0.6329 -0.6329 -0.6329 -0.6329 -0.6329 -0.6329 -0.6329]
 [-0.6329 -0.6329 -0.6329 -0.6329 -0.6329 -0.6329 -0.6329]
 [-0.6329 -0.6329 -0.6329 -0.6329 -0.6329 -0.6329 -0.6329]]
[ 0.    +0.j -3.9836+0.j  0.    +0.j -0.    +0.j -0.    -0.j  0.    +0.j
  0.    +0.j]
[[ 0.9245+0.j      0.2678+0.j      0.1732+0.j     -0.357 +0.0526j
  -0.357 -0.0526j  0.9245+0.j      0.    +0.j    ]
 [-0.1059+0.j      0.2678+0.j     -0.1613+0.j      0.1183+0.1235j
   0.1183-0.1235j -0.1059+0.j      0.    +0.j    ]
 [-0.1637+0.j      0.414 +0.j     -0.8711+0.j      0.6784+0.j
   0.6784-0.j     -0.1637+0.j      0.    +0.j    ]
 [-0.1637+0.j      0.4139+0.j      0.1943+0.j     -0.5983+0.0246j
  -0.5983-0.0246j -0.1637+0.j      0.    +0.j    ]
 [-0.1637+0.j      0.4139+0.j      0.2216+0.j      0.0529-0.0669j
   0.0529+0.0669j -0.1637+0.j      0.    +0.j    ]
 [-0.1637+0.j      0.4139+0.j      0.2216+0.j      0.0529-0.0669j
   0.0529+0.0669j -0.1637+0.j     -0.7071+0.j    ]
 [-0.1637+0.j      0.4139+0.j      0.2216+0.j      0.0529-0.0669j
   0.0529+0.0669j -0.1637+0.j      0.7071+0.j    ]]
principal [ 0.9245+0.j      0.2678+0.j      0.1732+0.j     -0.357 +0.0526j
 -0.357 -0.0526j  0.9245+0.j      0.    +0.j    ]
{0: 0.27745950491115573, 1: 0.268549661347403, 2: 0.09265821498202786, 3: 0.09033661975735285, 4: 0.09033199966735353, 5: 0.09033199966735353, 6: 0.09033199966735353}
[[    0. 19276.    24.     8.     6.     6.     6.]
 [20019.     0.    24.    10.     6.     6.     6.]
 [20019. 20020.     0.     8.     6.     6.     6.]
 [20018. 19052.    18.     0.     4.     4.     4.]
 [20018. 19054.    18.     6.     0.     4.     4.]
 [20018. 19054.    18.     6.     4.     0.     4.]
 [20018. 19054.    18.     6.     4.     4.     0.]]
➜  retrust git:(master) ✗